# Histories (Categorical Accuracy, Validation Categorical Accuracy, Loss, Validation Loss):

# History 7 layer softmax:
[0.099597309106049414, 0.16311310746190524, 0.18196283290556178, 0.19171171209853408, 0.19823435120995037, 0.20240532694349458, 0.20568405233636447, 0.20771491262651601, 0.20972917042302439, 0.21119233242947669]
[0.14062722580443374, 0.15776298921106838, 0.1638988948193803, 0.16702281387021797, 0.16976005870109781, 0.17055375797651959, 0.17092008044634688, 0.17244642530705831, 0.1718867656632648, 0.17028919153379007]
[4.523273826796367, 3.8883473945901725, 3.7559487178144133, 3.6946093263425928, 3.6592650521823686, 3.6365547979941266, 3.6220306543061334, 3.6108216821728645, 3.6031188329737707, 3.5974163431188817]
[4.0523579232089162, 3.9054880607966833, 3.8679431006083411, 3.8638013137464768, 3.859494621268432, 3.8646156940617025, 3.869909168519746, 3.8768996001866856, 3.8857837044974617, 3.8910063607916352]


# History only neighbor softmax:
Categorical Accuracy:
[0.066026524366067013, 0.070737349029268051, 0.07095585931548179, 0.070951039236787264, 0.071242921847492438, 0.071030838335860783, 0.071030838332752366, 0.071232210560662201, 0.071154553716009913, 0.071223105963011887]
Validation Categorical Accuracy:
[0.06901113212679949, 0.070618881887672152, 0.070130451635309565, 0.069469035482997113, 0.070211856673301293, 0.070405193698216503, 0.070038870924373636, 0.0695911431296731, 0.070262734843482638, 0.070669760116533809]
Loss:
[4.6843850217907956, 4.6094758269119138, 4.5986079237508202, 4.5927666392399322, 4.5891812088511124, 4.586871303283055, 4.5851486498733607, 4.5838865800169968, 4.5829396963649796, 4.5821923125202622]
Validation Loss:
[4.6242738793586584, 4.6154992025573991, 4.6108859192503333, 4.6090654281405667, 4.6083437438305888, 4.6082869486889617, 4.6073946312922347, 4.608784109394656, 4.6087084092710944, 4.608363661216889]

# History 8 layer softmax:
[0.018665491281694955, 0.045927862685119468, 0.062008720060772342, 0.073199338686997351, 0.082449607403011119, 0.089786840001571111, 0.096218433163685835, 0.10150016950802737, 0.10601711985309779, 0.11005581116962276]
Validation Categorical Accuracy:
[0.025785049995935925, 0.038779331240294666, 0.044752426892637268, 0.050277794752250499, 0.054968760778553297, 0.058408124151477947, 0.059171296602606803, 0.062366444795597775, 0.063251724753600927, 0.063434886173501612]
Loss:
[5.5733489818186879, 5.1798504793520648, 4.9621563103430724, 4.8208804427251222, 4.7243068186445702, 4.6538132038526969, 4.6020783205960631, 4.5627154876972362, 4.5318764494466386, 4.5087976805741414]
Validation Loss:
[5.3895638941660744, 5.1961331697436774, 5.0869784028907086, 5.0256217477968752, 4.9910257900169022, 4.9758833400893154, 4.983456835616825, 4.9768540968443613, 4.9875057073323319, 4.9990221067383906]


# History 6 layer softmax:
[0.027668864801298106, 0.05835456400034917, 0.072468293249012508, 0.081675181248210396, 0.088393836941711296, 0.093582920633517627, 0.097131034941827926, 0.099911685426519986, 0.10225424421441504, 0.1039525189977934]
Validation Categorical Accuracy:
[0.037324215935228056, 0.048069682756716449, 0.055284205421789918, 0.058662514936426151, 0.061409935538505586, 0.063099090282632012, 0.063668925586178024, 0.064930703949421964, 0.065592120045025265, 0.065439485589219221]
Loss:
[5.3790009337224989, 4.9276259679680399, 4.7779852493743302, 4.7058718343838377, 4.6648176888867958, 4.6374757334300369, 4.6201406775993075, 4.6080673793721649, 4.5991059448062543, 4.5927233626536657]
Validation Loss:
[5.115777946438941, 4.9719858637008825, 4.9337556065930226, 4.9343171080775949, 4.9466889605266058, 4.9661646459794397, 4.9789467260927172, 4.9997146079194632, 5.0042494053072737, 5.0207807160215694]

